10 10
2 1 2
0 obj\01.obj
1 obj\02.obj
2 obj\03.obj
3 obj\02.obj
4 obj\03.obj
5 obj\02.obj
6 obj\03.obj
7 obj\02.obj
*
1 2 2 2 2 2 2 2 1 1
1 0 0 0 0 0 0 0 0 3
5 0 6 0 0 0 0 6 0 3
5 0 0 0 6 0 0 0 0 3
5 0 0 0 7 7 6 0 0 3
5 0 0 6 7 7 0 0 0 3
5 0 0 0 0 6 0 0 0 3
5 0 6 0 0 0 0 6 0 3
5 0 0 0 0 0 0 0 0 1
1 1 4 4 4 4 4 4 4 1
*
1 2 2 2 2 2 2 2 1 1
1 0 0 0 0 0 0 0 0 3
5 0 6 0 0 0 0 6 0 3
5 0 0 0 6 0 0 0 0 3
5 0 0 0 7 7 6 0 0 3
5 0 0 6 7 7 0 0 0 3
5 0 0 0 0 6 0 0 0 3
5 0 6 0 0 0 0 6 0 3
5 0 0 0 0 0 0 0 0 1
1 1 4 4 4 4 4 4 4 1
*
0 0 3 0 3 0 3 0 0 0
0 0 0 0 0 0 0 0 0 0
0 0 0 0 0 0 0 0 0 2
1 0 0 0 0 0 0 0 0 0
0 0 0 0 0 0 0 0 0 2
1 0 0 0 0 0 0 0 0 0
0 0 0 0 0 0 0 0 0 2
1 0 0 0 0 0 0 0 0 0
0 0 0 0 0 0 0 0 0 0
0 0 0 4 0 4 0 4 0 0