10 10
2 1 2
0 obj\tiles\01.obj
1 obj\tiles\01_b.obj
2 obj\tiles\03.obj
3 obj\tiles\03_b.obj
4 obj\tiles\04.obj
5 obj\tiles\04_b.obj
6 obj\tiles\02.obj
*
2 0 1 0 1 0 1 0 3 2
3 1 0 1 0 1 0 1 0 1
1 0 6 0 1 0 1 6 1 0
0 1 0 1 6 1 0 1 0 1
1 0 1 0 4 5 6 0 1 0
0 1 0 6 5 4 0 1 0 1
1 0 1 0 1 6 1 0 1 0
0 1 6 1 0 1 0 6 0 1
1 0 1 0 1 0 1 0 1 3
2 3 0 1 0 1 0 1 0 2
*
1 2 2 2 2 2 2 2 1 1
1 0 0 0 0 0 0 0 0 3
5 0 6 0 0 0 0 6 0 3
5 0 0 0 6 0 0 0 0 3
5 0 0 0 7 7 6 0 0 3
5 0 0 6 7 7 0 0 0 3
5 0 0 0 0 6 0 0 0 3
5 0 6 0 0 0 0 6 0 3
5 0 0 0 0 0 0 0 0 1
1 1 4 4 4 4 4 4 4 1
*
0 0 3 0 3 0 3 0 0 0
0 0 0 0 0 0 0 0 0 0
0 0 0 0 0 0 0 0 0 2
1 0 0 0 0 0 0 0 0 0
0 0 0 0 0 0 0 0 0 2
1 0 0 0 0 0 0 0 0 0
0 0 0 0 0 0 0 0 0 2
1 0 0 0 0 0 0 0 0 0
0 0 0 0 0 0 0 0 0 0
0 0 0 4 0 4 0 4 0 0